MutagenObjectType: PlacedObject
FormKey: 00140F:bryntest.esp
VersionControl: 12079
Base: 0897B4:Skyrim.esm
Radius: 591.83496
LightData:
  FadeOffset: 1.1913075
  ShadowDepthBias: 1
Placement:
  Position: 6933.54, 6862.9375, -3321.157
