MutagenObjectType: PlacedObject
FormKey: 001594:bryntest.esp
VersionControl: 12079
Base: 0897B5:Skyrim.esm
Radius: 1675.0732
LightData:
  FadeOffset: 1.515085
  ShadowDepthBias: 36.85392
Placement:
  Position: -766.03925, 118.58714, -3620.1152
