MutagenObjectType: PlacedObject
FormKey: 001633:bryntest.esp
VersionControl: 12079
Base: 0879AC:Skyrim.esm
Radius: 430.48425
LightData:
  FadeOffset: 0.5451815
  ShadowDepthBias: 1
Placement:
  Position: 2305.3745, 96.070404, -4297.038
  Rotation: 0, -0, 1
