MutagenObjectType: PlacedObject
FormKey: 0016B9:bryntest.esp
VersionControl: 12079
Base: 070387:Skyrim.esm
Placement:
  Position: -4160, -652.75854, -3776
  Rotation: 0, -0, 1.5707964
