MutagenObjectType: PlacedObject
FormKey: 00170E:bryntest.esp
MajorRecordFlagsRaw: 65536
VersionControl: 12079
SkyrimMajorRecordFlags:
- 0x10000
Base: 088252:Skyrim.esm
Radius: 305.80432
LightData:
  FadeOffset: 0.6933328
  ShadowDepthBias: 12.38
Placement:
  Position: 6213.6826, 8151.4844, -4118.3174
