MutagenObjectType: PlacedObject
FormKey: 001758:bryntest.esp
MajorRecordFlagsRaw: 512
VersionControl: 12079
SkyrimMajorRecordFlags:
- 0x200
Base: 036AC0:Skyrim.esm
Placement:
  Position: -4206.25, -3480.2969, -3544.4138
  Rotation: 2.8248413, -0.4147462, 1.6584333
