MutagenObjectType: PlacedObject
FormKey: 00180C:bryntest.esp
VersionControl: 12079
Base: 055C0E:Skyrim.esm
Placement:
  Position: -4091.9531, -908.33984, -3923.634
  Rotation: 0, 0, 3.1423912
