MutagenObjectType: PlacedObject
FormKey: 0015C3:bryntest.esp
VersionControl: 12079
Base: 088252:Skyrim.esm
Radius: 414.61768
LightData:
  FadeOffset: 0.7734481
  ShadowDepthBias: 12.38
Placement:
  Position: 7214.2983, 5586.169, -3033.46
