MutagenObjectType: PlacedObject
FormKey: 0015D8:bryntest.esp
VersionControl: 12079
Base: 088252:Skyrim.esm
Radius: 118.29416
LightData:
  FadeOffset: 0.99518704
  ShadowDepthBias: 12.38
Placement:
  Position: 4455.297, 4697.064, -4464.1543
