MutagenObjectType: PlacedObject
FormKey: 001676:bryntest.esp
MajorRecordFlagsRaw: 512
VersionControl: 12079
SkyrimMajorRecordFlags:
- 0x200
Base: 036AC0:Skyrim.esm
Placement:
  Position: -5153.1562, -2206.6875, -3479.7476
  Rotation: 2.8248413, -0.4147462, 1.4784336
