MutagenObjectType: PlacedObject
FormKey: 001651:bryntest.esp
VersionControl: 12079
Base: 0897B4:Skyrim.esm
Radius: 709.45276
LightData:
  FadeOffset: 1.0845382
  ShadowDepthBias: 1
Placement:
  Position: 8087.2827, 4811.738, -2996.4895
