MutagenObjectType: PlacedObject
FormKey: 0018F5:bryntest.esp
MajorRecordFlagsRaw: 512
VersionControl: 12079
SkyrimMajorRecordFlags:
- 0x200
Base: 036AC2:Skyrim.esm
Scale: 0.88
Placement:
  Position: -4048.5469, -3646.5625, -3737.8354
  Rotation: 0.92141247, -0.31670454, 0.68574584
