MutagenObjectType: PlacedObject
FormKey: 001945:bryntest.esp
VersionControl: 12079
Base: 055118:Skyrim.esm
Placement:
  Position: -4091.1406, 115.66016, -3923.634
  Rotation: 0, 0, 4.713187
