MutagenObjectType: PlacedObject
FormKey: 00191B:bryntest.esp
VersionControl: 12079
Base: 088252:Skyrim.esm
Radius: 96.70578
LightData:
  FadeOffset: 0.6933328
  ShadowDepthBias: 12.38
Placement:
  Position: 4494.625, 6385.5405, -3362.0603
