MutagenObjectType: PlacedObject
FormKey: 000842:bryntest.esp
VersionControl: 12085
Base: 05AE7C:Skyrim.esm
LightData: {}
Scale: 0.75
Placement:
  Position: 271.82898, 1165.4883, 1784.0001
  Rotation: 0, 0, 4.712389
