MutagenObjectType: PlacedObject
FormKey: 000812:bryntest.esp
VersionControl: 12085
Base: 05FBC3:Skyrim.esm
LightData: {}
Placement:
  Position: -122.82202, 1036.6875, 2013.2834
  Rotation: 0, 0, 2.3561954
