MutagenObjectType: PlacedObject
FormKey: 00082A:bryntest.esp
VersionControl: 12085
Base: 05FBC8:Skyrim.esm
LightData: {}
Placement:
  Position: 442.86316, 1081.9424, 1895.9998
  Rotation: 0, 0, 5.4977884
