MutagenObjectType: PlacedObject
FormKey: 000839:bryntest.esp
VersionControl: 12085
Base: 05FBC0:Skyrim.esm
LightData: {}
Placement:
  Position: -496.1748, 1538.5117, 1896.0007
  Rotation: -1.5707964, 0, 4.712389
