MutagenObjectType: PlacedObject
FormKey: 000832:bryntest.esp
VersionControl: 12085
Base: 05FBC6:Skyrim.esm
LightData: {}
Placement:
  Position: -496.1748, 1538.5117, 1640.0007
  Rotation: -1.5707964, 0, 4.712389
