MutagenObjectType: PlacedObject
FormKey: 00185E:bryntest.esp
MajorRecordFlagsRaw: 512
VersionControl: 12082
SkyrimMajorRecordFlags:
- 0x200
Base: 05FBC4:Skyrim.esm
Placement:
  Position: 1624.9991, 11101.0205, -703.63696
  Rotation: -1.5707964, -0, 4.712389
