MutagenObjectType: PlacedObject
FormKey: 00188B:bryntest.esp
MajorRecordFlagsRaw: 512
VersionControl: 12082
SkyrimMajorRecordFlags:
- 0x200
Base: 01ED3D:Skyrim.esm
Placement:
  Position: 1709.5457, 10610.741, -1025.8553
  Rotation: 1.5999404E-21, -1.3872066E-21, 4.78319
