MutagenObjectType: PlacedObject
FormKey: 001988:bryntest.esp
MajorRecordFlagsRaw: 512
VersionControl: 12082
SkyrimMajorRecordFlags:
- 0x200
Base: 05FBC5:Skyrim.esm
Placement:
  Position: 1624.9995, 10472.001, -611.9999
  Rotation: -1.5707959, -0.78539675, 1.5707965
