MutagenObjectType: PlacedObject
FormKey: 001A74:bryntest.esp
MajorRecordFlagsRaw: 512
VersionControl: 12082
SkyrimMajorRecordFlags:
- 0x200
Base: 05FBC5:Skyrim.esm
Placement:
  Position: 1873.901, 10474.745, -596
  Rotation: 1.5707933, 0.7853974, 6.283184
