MutagenObjectType: PlacedObject
FormKey: 001B4B:bryntest.esp
MajorRecordFlagsRaw: 512
VersionControl: 12082
SkyrimMajorRecordFlags:
- 0x200
Base: 05FBC3:Skyrim.esm
Placement:
  Position: 1624.9991, 10474.745, -979.9998
  Rotation: -2.1293955, -1.5707972, 2.1293957
