MutagenObjectType: PlacedObject
FormKey: 001C3C:bryntest.esp
VersionControl: 12082
Base: 088238:Skyrim.esm
Radius: 212.6825
LightData:
  FadeOffset: 0.7690674
  ShadowDepthBias: 1
Placement:
  Position: 6825.9272, 5289.31, -79.811554
  Rotation: 8.077936E-28, -1.009742E-28, 0.07080054
