MutagenObjectType: PlacedObject
FormKey: 001C0E:bryntest.esp
VersionControl: 12082
Base: 01ED39:Skyrim.esm
Placement:
  Position: 2555.8354, 10484.145, -1025.8553
  Rotation: 5.882518E-22, -2.0342346E-21, 5.358187
