MutagenObjectType: PlacedObject
FormKey: 001C1A:bryntest.esp
VersionControl: 12082
Base: 01ED39:Skyrim.esm
Placement:
  Position: 2480.096, 10595.718, -1025.8553
  Rotation: 8.442796E-22, 1.941993E-21, 2.908191
