MutagenObjectType: PlacedObject
FormKey: 001D26:bryntest.esp
MajorRecordFlagsRaw: 512
VersionControl: 12082
SkyrimMajorRecordFlags:
- 0x200
Base: 05FBC3:Skyrim.esm
Scale: 0.97
Placement:
  Position: 1624.999, 10474.746, -979.99976
  Rotation: 1.0121973, -1.5707964, 3.7000968
