MutagenObjectType: PlacedObject
FormKey: 001D2B:bryntest.esp
VersionControl: 12082
Base: 05FBC0:Skyrim.esm
Placement:
  Position: 1624.9991, 11101.0205, -723.99927
  Rotation: -1.5707964, -0, 4.712389
