MutagenObjectType: PlacedObject
FormKey: 001D2D:bryntest.esp
VersionControl: 12082
Base: 088237:Skyrim.esm
Radius: 850.7964
LightData:
  FadeOffset: 0.54256725
  ShadowDepthBias: 50
Placement:
  Position: 4615.082, 3055.8647, 192.03223
  Rotation: 0, -0, 1.5707964
