MutagenObjectType: PlacedObject
FormKey: 001E85:bryntest.esp
MajorRecordFlagsRaw: 512
VersionControl: 12082
SkyrimMajorRecordFlags:
- 0x200
Base: 036AC3:Skyrim.esm
Scale: 0.85
Placement:
  Position: 2376.8494, 10235.437, -1056.751
  Rotation: 1.1920929E-07, 5.9604645E-08, 4.7123876
