MutagenObjectType: PlacedObject
FormKey: 001E95:bryntest.esp
MajorRecordFlagsRaw: 512
VersionControl: 12082
SkyrimMajorRecordFlags:
- 0x200
Base: 05FBC8:Skyrim.esm
Placement:
  Position: 1928.9991, 10781.0205, -851.99927
  Rotation: -1.5707964, -0.78539807, 6.2831845
