MutagenObjectType: PlacedObject
FormKey: 001E4D:bryntest.esp
VersionControl: 12082
Base: 01ED3D:Skyrim.esm
Placement:
  Position: 2508.835, 10513.515, -1025.8553
  Rotation: -1.2705494E-21, -1.6940659E-21, 0
