MutagenObjectType: PlacedObject
FormKey: 001E8D:bryntest.esp
VersionControl: 12082
Base: 01ED3D:Skyrim.esm
Placement:
  Position: 2539.3054, 10346.657, -1025.8553
  Rotation: 8.442796E-22, 1.941993E-21, 2.908191
