MutagenObjectType: PlacedObject
FormKey: 001E16:bryntest.esp
MajorRecordFlagsRaw: 512
VersionControl: 12082
SkyrimMajorRecordFlags:
- 0x200
Base: 01ED36:Skyrim.esm
Placement:
  Position: 1964.9039, 10592.629, -1025.8553
  Rotation: 1.5999404E-21, -1.3872066E-21, 4.78319
