MutagenObjectType: PlacedObject
FormKey: 001E4F:bryntest.esp
MajorRecordFlagsRaw: 512
VersionControl: 12082
SkyrimMajorRecordFlags:
- 0x200
Base: 01ED39:Skyrim.esm
Placement:
  Position: 1750.3147, 10586.857, -1025.8553
  Rotation: -1.2705494E-21, -1.6940659E-21, 0
