MutagenObjectType: PlacedObject
FormKey: 0020A9:bryntest.esp
MajorRecordFlagsRaw: 512
VersionControl: 12082
SkyrimMajorRecordFlags:
- 0x200
Base: 05FBC5:Skyrim.esm
Placement:
  Position: 1873.9008, 10474.745, -980
  Rotation: -1.5707983, -8.0466265E-07, 4.71239
