MutagenObjectType: PlacedObject
FormKey: 002116:bryntest.esp
MajorRecordFlagsRaw: 512
VersionControl: 12082
SkyrimMajorRecordFlags:
- 0x200
Base: 05FBC6:Skyrim.esm
Placement:
  Position: 1624.9991, 11101.0205, -979.99927
  Rotation: -1.5707964, 3.5762784E-07, 4.712389
