MutagenObjectType: PlacedObject
FormKey: 002118:bryntest.esp
VersionControl: 12082
Base: 0B28B4:Skyrim.esm
Scale: 0.73
Placement:
  Position: 2521.3477, 9964.78, -1026.2366
  Rotation: -6.7871463E-15, 2.0997913E-15, 4.712389
