MutagenObjectType: PlacedObject
FormKey: 00210B:bryntest.esp
VersionControl: 12082
Base: 055118:Skyrim.esm
Placement:
  Position: 1737.0029, 10583.997, -1027.9999
  Rotation: -4.6586804E-21, -0, 3.1415927
