MutagenObjectType: PlacedObject
FormKey: 002114:bryntest.esp
MajorRecordFlagsRaw: 512
VersionControl: 12082
SkyrimMajorRecordFlags:
- 0x200
Base: 05FBC3:Skyrim.esm
Placement:
  Position: 1998.3519, 10599.196, -606.71655
  Rotation: 0, -8.0466265E-07, 2.3561954
