MutagenObjectType: PlacedObject
FormKey: 0014FE:bryntest.esp
VersionControl: 12081
Base: 05FBC7:Skyrim.esm
Placement:
  Position: 10008.034, 455.5763, 12875.922
  Rotation: 1.5707954, -0.026426679, 4.7123895
