MutagenObjectType: PlacedObject
FormKey: 0014FC:bryntest.esp
VersionControl: 12081
Base: 05FBC0:Skyrim.esm
Placement:
  Position: 10076.572, 617.683, 13067.922
  Rotation: 1.5707953, -0.40142572, 4.71239
