MutagenObjectType: PlacedObject
FormKey: 0014ED:bryntest.esp
VersionControl: 12081
Base: 05FBC5:Skyrim.esm
Placement:
  Position: 10323.633, 791.1676, 12955.922
  Rotation: -1.5707953, 0.40000114, 1.5693711
