MutagenObjectType: PlacedObject
FormKey: 0014F6:bryntest.esp
VersionControl: 12081
Base: 0FF8F8:Skyrim.esm
Placement:
  Position: 10126.418, 735.5788, 13243.922
  Rotation: -1.5707964, -1.1707958, 3.141598
