MutagenObjectType: PlacedObject
FormKey: 0014E6:bryntest.esp
VersionControl: 12081
Base: 05FBC3:Skyrim.esm
Placement:
  Position: 10544.6875, 697.70703, 12955.922
  Rotation: 0, 0, 3.5415933
