MutagenObjectType: PlacedObject
FormKey: 0016FA:bryntest.esp
VersionControl: 12081
Base: 0B28B4:Skyrim.esm
Scale: 0.84
Placement:
  Position: 9544.366, 674.1207, 12877.922
  Rotation: 1.6751653E-08, 3.9626727E-08, 5.549264
