MutagenObjectType: PlacedObject
FormKey: 001420:bryntest.esp
VersionControl: 12081
EditorID: ExitBlock
Base: 055117:Skyrim.esm
Placement:
  Position: 10588.303, 800.86584, 12875.922
  Rotation: 0, 0, 1.9707968
